场景号	地图号	进入脚本	传送脚本
$007C [124]	114	0000	0000	
事件号	隐时间	方位X	方位Y	起始层	触发脚本	自动脚本	状态	触发模式	形象号	形象数	方向	当前帧数	空闲帧数	无效	总帧数	空闲计数
#08E9 [2281]	0	848	728	0	4E38	0000	1	5	0	0	0	0	0	0	0	0
#08EA [2282]	0	832	704	0	0000	54F7	0	0	23	3	1	0	0	0	0	0
#08EB [2283]	0	912	568	0	54FD	0000	0	2	23	3	1	0	0	0	0	0
#08EC [2284]	0	880	568	0	5505	0000	2	7	451	0	0	0	0	0	0	0
#08ED [2285]	0	912	552	-1	5936	0000	0	2	449	0	0	2	0	0	0	0
#08EE [2286]	0	912	584	-4	0000	0000	0	0	450	0	0	0	0	0	0	0
#08EF [2287]	0	864	560	0	0000	0000	0	0	397	1	3	0	0	0	0	0
#08F0 [2288]	0	960	544	0	0000	0000	1	0	232	0	0	0	0	0	0	0
新事件号	隐时间	方位X	方位Y	起始层	触发脚本	自动脚本	状态	触发模式	形象号	形象数	方向	当前帧数	空闲帧数	无效	总帧数	空闲计数
