场景号	地图号	进入脚本	传送脚本
$008A [138]	130	0000	62D9	
事件号	隐时间	方位X	方位Y	起始层	触发脚本	自动脚本	状态	触发模式	形象号	形象数	方向	当前帧数	空闲帧数	无效	总帧数	空闲计数
#096C [2412]	0	1616	1464	0	65D2	0000	1	5	0	0	0	0	0	0	0	0
#096D [2413]	0	1280	1168	0	0000	0000	2	0	27	3	3	0	0	0	0	0
#096E [2414]	0	1264	1192	-5	0000	0000	0	0	480	0	0	1	0	0	0	0
#096F [2415]	0	1424	1240	0	0000	0000	2	0	445	1	1	0	0	0	0	0
#0970 [2416]	0	1424	1256	0	0000	0000	2	0	451	0	0	0	0	0	0	0
#0971 [2417]	0	1376	1360	0	65F3	0000	1	6	0	0	0	0	0	0	0	0
#0972 [2418]	0	1328	488	0	0000	66AC	0	0	487	0	0	0	0	0	0	0
#0973 [2419]	0	1344	1040	0	0000	66AF	0	0	16	3	1	0	0	0	0	0
新事件号	隐时间	方位X	方位Y	起始层	触发脚本	自动脚本	状态	触发模式	形象号	形象数	方向	当前帧数	空闲帧数	无效	总帧数	空闲计数
