场景号	地图号	进入脚本	传送脚本
#008C [140]	129	6804	0000	
事件号	隐时间	方位X	方位Y	起始层	触发脚本	自动脚本	状态	触发模式	形象号	形象数	方向	当前帧数	空闲帧数	无效	总帧数	空闲计数
@098F [2447]	0	1392	1352	0	0000	0000	0	0	445	1	3	0	0	0	0	0	
@0990 [2448]	0	1408	1360	0	0000	0000	1	0	489	0	0	0	0	0	0	0	
@0991 [2449]	0	1408	1360	0	0000	0000	0	0	405	3	3	0	0	0	0	0	
@0992 [2450]	0	1312	1296	0	0000	0000	1	0	16	3	3	0	0	0	0	0	
@0993 [2451]	0	1360	1304	0	0000	0000	1	0	400	1	3	0	0	0	0	0	
@0994 [2452]	0	1408	1280	33	0000	679E	0	0	166	2	3	0	0	0	0	0	
@0995 [2453]	0	1600	1456	0	0000	6897	0	0	81	3	1	0	0	0	0	0	
@0996 [2454]	0	1680	1480	0	0000	6899	0	0	401	3	1	0	0	0	0	0	
