场景号	地图号	进入脚本	传送脚本
#0090 [144]	74	6976	0000	
事件号	隐时间	方位X	方位Y	起始层	触发脚本	自动脚本	状态	触发模式	形象号	形象数	方向	当前帧数	空闲帧数	无效	总帧数	空闲计数
@09A2 [2466]	0	496	712	0	7205	0000	2	2	524	0	0	0	0	0	0	0	
@09A3 [2467]	0	496	1352	0	7208	0000	2	2	524	0	0	0	0	0	0	0	
@09A4 [2468]	0	880	520	0	720B	0000	2	2	524	0	0	0	0	0	0	0	
@09A5 [2469]	0	1200	1624	0	720E	0000	2	2	524	0	0	0	0	0	0	0	
@09A6 [2470]	0	896	1152	0	7211	0000	2	2	524	0	0	0	0	0	0	0	
@09A7 [2471]	0	1472	448	0	7214	0000	2	2	524	0	0	0	0	0	0	0	
@09A8 [2472]	0	1344	848	0	7217	0000	2	2	524	0	0	0	0	0	0	0	
