场景号	地图号	进入脚本	传送脚本
$0095 [149]	144	7270	0000	
事件号	隐时间	方位X	方位Y	起始层	触发脚本	自动脚本	状态	触发模式	形象号	形象数	方向	当前帧数	空闲帧数	无效	总帧数	空闲计数
#09EF [2543]	0	736	944	0	0000	7243	1	0	494	3	3	0	0	0	0	0
#09F0 [2544]	0	944	1192	0	0000	7247	1	0	59	3	1	0	0	0	0	0
#09F1 [2545]	0	1024	960	2	0000	724D	1	0	474	4	0	0	0	0	0	0
#09F2 [2546]	0	800	1072	0	0000	7253	1	0	495	3	0	0	0	0	0	0
#09F3 [2547]	0	752	1096	0	0000	725A	1	0	492	3	2	0	0	0	0	0
#09F4 [2548]	0	848	1064	10	0000	7266	1	0	460	0	0	0	0	0	0	0
#09F5 [2549]	0	688	888	0	0000	72C5	1	0	492	3	3	0	0	0	0	0
#09F6 [2550]	0	1024	1152	0	0000	72CB	1	0	495	3	0	0	0	0	0	0
新事件号	隐时间	方位X	方位Y	起始层	触发脚本	自动脚本	状态	触发模式	形象号	形象数	方向	当前帧数	空闲帧数	无效	总帧数	空闲计数
