场景号	地图号	进入脚本	传送脚本
$0097 [151]	102	7281	0000	
事件号	隐时间	方位X	方位Y	起始层	触发脚本	自动脚本	状态	触发模式	形象号	形象数	方向	当前帧数	空闲帧数	无效	总帧数	空闲计数
#09FA [2554]	0	1632	1664	0	0000	0000	0	0	12	3	0	0	0	0	0	0
#09FB [2555]	0	1552	1624	0	0000	0000	0	0	620	3	3	0	0	0	0	0
#09FC [2556]	0	1536	1664	0	0000	0000	0	0	620	3	2	0	0	0	0	0
#09FD [2557]	0	1488	1624	0	0000	0000	0	0	492	3	2	0	0	0	0	0
#09FE [2558]	0	1712	1688	0	0000	0000	0	0	621	3	2	0	0	0	0	0
#09FF [2559]	0	1664	1712	0	0000	0000	0	0	492	3	3	0	0	0	0	0
新事件号	隐时间	方位X	方位Y	起始层	触发脚本	自动脚本	状态	触发模式	形象号	形象数	方向	当前帧数	空闲帧数	无效	总帧数	空闲计数
