场景号	地图号	进入脚本	传送脚本
#00A2 [162]	139	0000	69B4	
事件号	隐时间	方位X	方位Y	起始层	触发脚本	自动脚本	状态	触发模式	形象号	形象数	方向	当前帧数	空闲帧数	无效	总帧数	空闲计数
@0AF3 [2803]	0	384	144	0	68B2	0000	1	5	0	0	0	0	0	0	0	0	
@0AF4 [2804]	0	864	1392	0	68B6	0000	1	5	0	0	0	0	0	0	0	0	
@0AF5 [2805]	0	928	1200	10	9F5B	9CAA	2	5	623	1	0	0	0	0	0	0	
@0AF6 [2806]	0	736	784	10	9F59	9CAA	2	5	624	2	0	0	0	0	0	0	
@0AF7 [2807]	0	1568	640	10	9F61	9CAA	2	5	624	2	0	0	0	0	0	0	
@0AF8 [2808]	0	1824	512	10	9F4F	9CAA	2	5	623	1	0	0	0	0	0	0	
@0AF9 [2809]	0	608	304	10	9F55	9CAA	2	5	623	1	0	0	0	0	0	0	
