场景号	地图号	进入脚本	传送脚本
$00D6 [214]	212	8808	8808	
事件号	隐时间	方位X	方位Y	起始层	触发脚本	自动脚本	状态	触发模式	形象号	形象数	方向	当前帧数	空闲帧数	无效	总帧数	空闲计数
#0F23 [3875]	0	352	880	0	8832	0000	1	5	0	0	0	0	0	0	0	0
#0F24 [3876]	0	704	160	0	89DA	0000	1	5	0	0	0	0	0	0	0	0
#0F25 [3877]	0	1472	688	0	89E6	000B	2	7	443	3	0	0	0	0	0	0
#0F26 [3878]	0	1440	672	0	89E6	000B	2	7	206	3	0	0	0	0	0	0
#0F27 [3879]	0	1472	768	0	0000	0000	2	0	206	3	1	0	0	0	0	0
#0F28 [3880]	0	1312	752	0	0000	0000	2	0	443	3	2	0	0	0	0	0
#0F29 [3881]	0	1424	712	0	0000	0000	2	0	633	0	0	0	0	0	0	0
#0F2A [3882]	0	1360	728	0	0000	0000	2	0	633	0	0	0	0	0	0	0
新事件号	隐时间	方位X	方位Y	起始层	触发脚本	自动脚本	状态	触发模式	形象号	形象数	方向	当前帧数	空闲帧数	无效	总帧数	空闲计数
