场景号	地图号	进入脚本	传送脚本
#00EA [234]	193	8BD2	0000	
事件号	隐时间	方位X	方位Y	起始层	触发脚本	自动脚本	状态	触发模式	形象号	形象数	方向	当前帧数	空闲帧数	无效	总帧数	空闲计数
@1117 [4375]	0	1408	1056	-1	0000	0000	1	0	573	0	0	1	0	0	0	0	
@1118 [4376]	0	1072	1096	0	0000	0000	2	0	564	3	3	0	0	0	0	0	
@1119 [4377]	0	1072	1080	0	0000	0000	2	0	562	3	3	0	0	0	0	0	
@111A [4378]	0	1040	1064	0	0000	0000	2	0	544	3	3	0	0	0	0	0	
@111B [4379]	0	1008	1096	0	0000	0000	2	0	544	3	3	0	0	0	0	0	
@111C [4380]	0	1232	1160	0	8E61	0000	1	5	0	0	0	0	0	0	0	0	
@111D [4381]	0	1216	1200	0	0000	0000	0	0	568	0	0	0	0	0	0	0	
