场景号	地图号	进入脚本	传送脚本
$00F1 [241]	204	0000	9069	
事件号	隐时间	方位X	方位Y	起始层	触发脚本	自动脚本	状态	触发模式	形象号	形象数	方向	当前帧数	空闲帧数	无效	总帧数	空闲计数
#1176 [4470]	0	1648	1608	0	9090	0000	1	5	0	0	0	0	0	0	0	0
#1177 [4471]	0	1360	1752	0	9098	0000	1	5	0	0	0	0	0	0	0	0
#1178 [4472]	0	624	728	0	90A0	0000	1	5	0	0	0	0	0	0	0	0
#1179 [4473]	0	1104	1080	0	90AC	0000	1	5	0	0	0	0	0	0	0	0
#117A [4474]	0	640	624	6	0000	0005	1	0	619	0	0	0	0	0	0	0
#117B [4475]	0	880	840	0	A534	0000	1	5	0	0	0	0	0	0	0	0
#117C [4476]	0	1840	696	6	0000	0005	1	0	619	0	0	0	0	0	0	0
新事件号	隐时间	方位X	方位Y	起始层	触发脚本	自动脚本	状态	触发模式	形象号	形象数	方向	当前帧数	空闲帧数	无效	总帧数	空闲计数
