场景号	地图号	进入脚本	传送脚本
#00F7 [247]	195	9174	0000	
事件号	隐时间	方位X	方位Y	起始层	触发脚本	自动脚本	状态	触发模式	形象号	形象数	方向	当前帧数	空闲帧数	无效	总帧数	空闲计数
@11DB [4571]	0	1504	960	0	9138	0000	1	6	0	0	0	0	0	0	0	0	
@11DC [4572]	0	1072	680	0	913C	0000	1	5	0	0	0	0	0	0	0	0	
@11DD [4573]	0	1040	696	0	0000	0000	2	0	535	3	2	0	0	0	0	0	
@11DE [4574]	0	960	576	19	0000	91BF	1	0	522	0	0	0	0	0	0	0	
@11DF [4575]	0	960	592	10	0000	91BF	1	0	541	0	0	0	0	0	0	0	
@11E0 [4576]	0	1120	1616	0	93BF	0000	0	1	10	0	0	0	0	0	0	0	
@11E1 [4577]	0	1008	712	0	93A2	93AD	0	2	537	3	2	0	0	0	0	0	
@11E2 [4578]	0	928	1696	0	9419	9396	0	2	535	3	2	0	0	0	0	0	
