场景号	地图号	进入脚本	传送脚本
#00F8 [248]	19	9208	0000	
事件号	隐时间	方位X	方位Y	起始层	触发脚本	自动脚本	状态	触发模式	形象号	形象数	方向	当前帧数	空闲帧数	无效	总帧数	空闲计数
@11E3 [4579]	0	1712	1128	0	919F	0000	1	6	0	0	0	0	0	0	0	0	
@11E4 [4580]	0	304	1160	0	917B	0000	1	5	0	0	0	0	0	0	0	0	
@11E5 [4581]	0	1264	600	0	917F	0000	1	5	0	0	0	0	0	0	0	0	
@11E6 [4582]	0	1280	960	0	9187	0000	1	5	0	0	0	0	0	0	0	0	
@11E7 [4583]	0	960	1136	0	918F	0000	1	5	0	0	0	0	0	0	0	0	
@11E8 [4584]	0	1520	1368	0	9197	0000	1	5	0	0	0	0	0	0	0	0	
@11E9 [4585]	0	1344	1168	0	947B	0247	2	2	35	0	0	0	0	0	0	0	
@11EA [4586]	0	1072	744	0	942E	041D	2	2	48	0	0	0	0	0	0	0	
@11EB [4587]	0	1152	736	0	944B	041D	2	2	49	0	0	0	0	0	0	0	
