场景号	地图号	进入脚本	传送脚本
#0102 [258]	162	0E45	0000	
事件号	隐时间	方位X	方位Y	起始层	触发脚本	自动脚本	状态	触发模式	形象号	形象数	方向	当前帧数	空闲帧数	无效	总帧数	空闲计数
@122B [4651]	0	1152	1040	0	0000	0000	1	0	38	3	0	0	0	0	0	0	
@122C [4652]	0	1200	1016	0	0000	0000	1	0	397	1	0	0	0	0	0	0	
@122D [4653]	0	1216	1024	0	0000	0000	1	0	399	1	0	0	0	0	0	0	
@122E [4654]	0	1008	1048	0	0000	0000	2	0	603	0	0	4	0	0	0	0	
@122F [4655]	0	1136	984	0	0000	0000	2	0	603	0	0	1	0	0	0	0	
@1230 [4656]	0	1264	1048	0	0000	0000	2	0	603	0	0	2	0	0	0	0	
@1231 [4657]	0	1136	1112	0	0000	0000	2	0	603	0	0	5	0	0	0	0	
@1232 [4658]	0	1136	1048	0	0000	0000	2	0	603	0	0	3	0	0	0	0	
