场景号	地图号	进入脚本	传送脚本
$010C [268]	166	0000	0000	
事件号	隐时间	方位X	方位Y	起始层	触发脚本	自动脚本	状态	触发模式	形象号	形象数	方向	当前帧数	空闲帧数	无效	总帧数	空闲计数
#1315 [4885]	0	1088	1392	0	9541	0000	1	5	0	0	0	0	0	0	0	0
#1316 [4886]	0	1376	1824	0	9549	0000	1	5	0	0	0	0	0	0	0	0
#1317 [4887]	0	784	1784	0	9551	0000	1	5	0	0	0	0	0	0	0	0
#1318 [4888]	0	704	1328	0	9559	0000	1	5	0	0	0	0	0	0	0	0
#1319 [4889]	0	656	888	0	9561	0000	1	5	0	0	0	0	0	0	0	0
#131A [4890]	0	1488	968	0	9569	0000	1	5	0	0	0	0	0	0	0	0
#131B [4891]	0	1456	536	0	9571	0000	1	5	0	0	0	0	0	0	0	0
#131C [4892]	0	608	416	0	9579	0000	1	5	0	0	0	0	0	0	0	0
新事件号	隐时间	方位X	方位Y	起始层	触发脚本	自动脚本	状态	触发模式	形象号	形象数	方向	当前帧数	空闲帧数	无效	总帧数	空闲计数
