场景号	地图号	进入脚本	传送脚本
#0025 [037]	34	3242	0000	
事件号	隐时间	方位X	方位Y	起始层	触发脚本	自动脚本	状态	触发模式	形象号	形象数	方向	当前帧数	空闲帧数	无效	总帧数	空闲计数
@0264 [612]	0	1136	472	0	2F21	0000	1	5	0	0	0	0	0	0	0	0	
@0265 [613]	0	960	736	0	2F39	0000	1	4	0	0	0	0	0	0	0	0	
@0266 [614]	0	1120	688	4	0000	0000	1	0	9	0	0	0	0	0	0	0	
@0267 [615]	0	928	384	4	0000	0000	1	0	9	0	0	0	0	0	0	0	
@0268 [616]	0	800	480	4	0000	0000	1	0	9	0	0	0	0	0	0	0	
@0269 [617]	0	1120	688	0	0000	0000	1	0	245	3	3	0	0	0	0	0	
@026A [618]	0	1328	568	0	0000	34BB	0	2	248	3	0	0	0	0	0	0	
@026B [619]	0	1200	632	0	0000	34C1	0	0	353	3	0	0	0	0	0	0	
@026C [620]	0	1216	624	0	0000	34C5	0	2	148	3	0	0	0	0	0	0	
