场景号	地图号	进入脚本	传送脚本
#0036 [054]	60	3C98	370A	
事件号	隐时间	方位X	方位Y	起始层	触发脚本	自动脚本	状态	触发模式	形象号	形象数	方向	当前帧数	空闲帧数	无效	总帧数	空闲计数
@039C [924]	0	1104	1816	0	370A	0000	1	5	0	0	0	0	0	0	0	0	
@039D [925]	0	1488	248	0	372B	0000	1	6	0	0	0	0	0	0	0	0	
@039E [926]	0	192	1296	0	370F	0000	1	5	0	0	0	0	0	0	0	0	
@039F [927]	0	352	512	0	3717	0000	1	6	0	0	0	0	0	0	0	0	
@03A0 [928]	0	432	552	0	A079	9CB9	2	5	468	0	0	0	0	0	0	0	
@03A1 [929]	0	256	1040	0	9CE7	9CA4	2	5	473	2	0	0	0	0	0	0	
@03A2 [930]	0	608	1456	0	9CE4	9CA4	2	5	473	2	0	0	0	0	0	0	
@03A3 [931]	0	1152	400	0	9E95	9CC9	1	5	59	3	0	0	0	0	0	0	
