场景号	地图号	进入脚本	传送脚本
$0038 [056]	69	3F25	0000	
事件号	隐时间	方位X	方位Y	起始层	触发脚本	自动脚本	状态	触发模式	形象号	形象数	方向	当前帧数	空闲帧数	无效	总帧数	空闲计数
#03A9 [937]	0	1520	1848	0	3CA1	0000	1	5	0	0	0	0	0	0	0	0
#03AA [938]	0	992	560	0	3D14	0000	1	6	0	0	0	0	0	0	0	0
#03AB [939]	0	1088	1104	0	3CA9	0000	2	7	220	3	0	0	0	0	0	0
#03AC [940]	0	1184	1792	0	3F3C	3F27	2	2	360	3	0	0	0	0	0	0
#03AD [941]	0	1648	824	0	3F39	036B	2	2	0	0	0	0	0	0	0	0
#03AE [942]	0	1376	864	0	3D27	0000	1	6	0	0	0	0	0	0	0	0
#03AF [943]	0	1344	768	0	0000	3D98	0	0	220	3	3	0	0	0	0	0
#03B0 [944]	0	1248	720	0	3D95	3DA2	0	2	357	3	3	0	0	0	0	0
新事件号	隐时间	方位X	方位Y	起始层	触发脚本	自动脚本	状态	触发模式	形象号	形象数	方向	当前帧数	空闲帧数	无效	总帧数	空闲计数
