场景号	地图号	进入脚本	传送脚本
#0045 [069]	63	43BB	4252	
事件号	隐时间	方位X	方位Y	起始层	触发脚本	自动脚本	状态	触发模式	形象号	形象数	方向	当前帧数	空闲帧数	无效	总帧数	空闲计数
@05A6 [1446]	0	496	1880	0	424F	0000	1	5	0	0	0	0	0	0	0	0	
@05A7 [1447]	0	1424	808	0	427E	0000	1	5	0	0	0	0	0	0	0	0	
@05A8 [1448]	0	1232	712	0	4282	0000	1	5	0	0	0	0	0	0	0	0	
@05A9 [1449]	0	592	1896	3	0000	0002	1	0	300	0	0	0	0	0	0	0	
@05AA [1450]	0	464	1832	3	0000	0002	1	0	300	0	0	0	0	0	0	0	
@05AB [1451]	0	1776	1480	0	09A5	0000	1	1	68	0	0	0	0	0	0	0	
@05AC [1452]	0	880	1624	0	09A5	0000	1	1	68	0	0	0	0	0	0	0	
@05AD [1453]	0	912	1352	0	09AC	0000	1	1	68	0	0	0	0	0	0	0	
@05AE [1454]	0	1232	904	0	09A5	0000	1	1	68	0	0	0	0	0	0	0	
