场景号	地图号	进入脚本	传送脚本
#0049 [073]	67	43BB	4272	
事件号	隐时间	方位X	方位Y	起始层	触发脚本	自动脚本	状态	触发模式	形象号	形象数	方向	当前帧数	空闲帧数	无效	总帧数	空闲计数
@05CA [1482]	0	1216	1216	0	426A	0000	1	5	0	0	0	0	0	0	0	0	
@05CB [1483]	0	1264	808	0	426E	0000	1	5	0	0	0	0	0	0	0	0	
@05CC [1484]	0	896	1104	0	9EFF	9CB3	2	5	548	3	0	0	0	0	0	0	
@05CD [1485]	0	1120	752	0	9EF3	9CB3	2	5	548	3	0	0	0	0	0	0	
@05CE [1486]	0	384	976	0	9EF1	9CB3	2	5	548	3	0	0	0	0	0	0	
@05CF [1487]	0	896	944	0	9CE7	9CA4	2	5	473	2	0	0	0	0	0	0	
@05D0 [1488]	0	736	800	0	08CD	0000	2	1	10	0	0	0	0	0	0	0	
