场景号	地图号	进入脚本	传送脚本
#004D [077]	75	43BD	0000	
事件号	隐时间	方位X	方位Y	起始层	触发脚本	自动脚本	状态	触发模式	形象号	形象数	方向	当前帧数	空闲帧数	无效	总帧数	空闲计数
@061A [1562]	0	1184	880	0	4296	0000	1	5	0	0	0	0	0	0	0	0	
@061B [1563]	0	1248	992	0	0000	0000	2	0	138	3	1	0	0	0	0	0	
@061C [1564]	0	1088	1072	0	0000	43A7	2	0	91	3	2	0	0	0	0	0	
@061D [1565]	0	1040	1064	0	0000	43AC	2	0	112	3	2	0	0	0	0	0	
@061E [1566]	0	1056	1104	0	0000	43AE	2	0	13	3	2	0	0	0	0	0	
@061F [1567]	0	960	1072	0	0000	43B1	2	0	82	3	2	0	0	0	0	0	
@0620 [1568]	0	1248	960	0	0000	0000	2	0	229	0	0	6	0	0	0	0	
@0621 [1569]	0	544	1504	6	0000	0005	1	0	618	0	0	0	0	0	0	0	
@0622 [1570]	0	832	1648	6	0000	0005	1	0	618	0	0	3	0	0	0	0	
