场景号	地图号	进入脚本	传送脚本
$004F [079]	79	43C1	0000	
事件号	隐时间	方位X	方位Y	起始层	触发脚本	自动脚本	状态	触发模式	形象号	形象数	方向	当前帧数	空闲帧数	无效	总帧数	空闲计数
#0625 [1573]	0	352	1488	0	43DA	0000	1	5	0	0	0	0	0	0	0	0
#0626 [1574]	0	320	1360	0	0000	0000	1	0	231	0	0	0	0	0	0	0
#0627 [1575]	0	192	1296	0	0000	0000	1	0	231	0	0	0	0	0	0	0
#0628 [1576]	0	432	1192	0	44E6	0000	2	5	97	3	0	0	0	0	0	0
#0629 [1577]	0	384	1184	0	44DF	0011	2	2	414	3	3	0	0	0	0	0
#062A [1578]	0	448	1216	0	44E3	000E	2	2	414	3	1	0	0	0	0	0
#062B [1579]	0	656	1256	0	0000	0000	1	2	0	0	0	0	0	0	0	0
#062C [1580]	0	624	1256	0	0000	0008	2	2	342	1	2	0	0	0	0	0
新事件号	隐时间	方位X	方位Y	起始层	触发脚本	自动脚本	状态	触发模式	形象号	形象数	方向	当前帧数	空闲帧数	无效	总帧数	空闲计数
